 29.95  600
 29.85  599
 29.75  598
 29.65  597
 29.55  596
 29.45  595
 29.35  594
 29.25  593
 29.15  592
 29.05  591
 28.95  590
 28.85  589
 28.75  588
 28.65  587
 28.55  586
 28.45  585
 28.35  584
 28.25  583
 28.15  582
 28.05  581
 27.95  580
 27.85  579
 27.75  578
 27.65  577
 27.55  576
 27.45  575
 27.35  574
 27.25  573
 27.15  572
 27.05  571
 26.95  570
 26.85  569
 26.75  568
 26.65  567
 26.55  566
 26.45  565
 26.35  564
 26.25  563
 26.15  562
 26.05  561
 25.95  560
 25.85  559
 25.75  558
 25.65  557
 25.55  556
 25.45  555
 25.35  554
 25.25  553
 25.15  552
 25.05  551
 24.95  550
 24.85  549
 24.75  548
 24.65  547
 24.55  546
 24.45  545
 24.35  544
 24.25  543
 24.15  542
 24.05  541
 23.95  540
 23.85  539
 23.75  538
 23.65  537
 23.55  536
 23.45  535
 23.35  534
 23.25  533
 23.15  532
 23.05  531
 22.95  530
 22.85  529
 22.75  528
 22.65  527
 22.55  526
 22.45  525
 22.35  524
 22.25  523
 22.15  522
 22.05  521
 21.95  520
 21.85  519
 21.75  518
 21.65  517
 21.55  516
 21.45  515
 21.35  514
 21.25  513
 21.15  512
 21.05  511
 20.95  510
 20.85  509
 20.75  508
 20.65  507
 20.55  506
 20.45  505
 20.35  504
 20.25  503
 20.15  502
 20.05  501
 19.95  500
 19.85  499
 19.75  498
 19.65  497
 19.55  496
 19.45  495
 19.35  494
 19.25  493
 19.15  492
 19.05  491
 18.95  490
 18.85  489
 18.75  488
 18.65  487
 18.55  486
 18.45  485
 18.35  484
 18.25  483
 18.15  482
 18.05  481
 17.95  480
 17.85  479
 17.75  478
 17.65  477
 17.55  476
 17.45  475
 17.35  474
 17.25  473
 17.15  472
 17.05  471
 16.95  470
 16.85  469
 16.75  468
 16.65  467
 16.55  466
 16.45  465
 16.35  464
 16.25  463
 16.15  462
 16.05  461
 15.95  460
 15.85  459
 15.75  458
 15.65  457
 15.55  456
 15.45  455
 15.35  454
 15.25  453
 15.15  452
 15.05  451
 14.95  450
 14.85  449
 14.75  448
 14.65  447
 14.55  446
 14.45  445
 14.35  444
 14.25  443
 14.15  442
 14.05  441
 13.95  440
 13.85  439
 13.75  438
 13.65  437
 13.55  436
 13.45  435
 13.35  434
 13.25  433
 13.15  432
 13.05  431
 12.95  430
 12.85  429
 12.75  428
 12.65  427
 12.55  426
 12.45  425
 12.35  424
 12.25  423
 12.15  422
 12.05  421
 11.95  420
 11.85  419
 11.75  418
 11.65  417
 11.55  416
 11.45  415
 11.35  414
 11.25  413
 11.15  412
 11.05  411
 10.95  410
 10.85  409
 10.75  408
 10.65  407
 10.55  406
 10.45  405
 10.35  404
 10.25  403
 10.15  402
 10.05  401
 9.95   400
 9.85   399
 9.75   398
 9.65   397
 9.55   396
 9.45   395
 9.35   394
 9.25   393
 9.15   392
 9.05   391
 8.95   390
 8.85   389
 8.75   388
 8.65   387
 8.55   386
 8.45   385
 8.35   384
 8.25   383
 8.15   382
 8.05   381
 7.95   380
 7.85   379
 7.75   378
 7.65   377
 7.55   376
 7.45   375
 7.35   374
 7.25   373
 7.15   372
 7.05   371
 6.95   370
 6.85   369
 6.75   368
 6.65   367
 6.55   366
 6.45   365
 6.35   364
 6.25   363
 6.15   362
 6.05   361
 5.95   360
 5.85   359
 5.75   358
 5.65   357
 5.55   356
 5.45   355
 5.35   354
 5.25   353
 5.15   352
 5.05   351
 4.95   350
 4.85   349
 4.75   348
 4.65   347
 4.55   346
 4.45   345
 4.35   344
 4.25   343
 4.15   342
 4.05   341
 3.95   340
 3.85   339
 3.75   338
 3.65   337
 3.55   336
 3.45   335
 3.35   334
 3.25   333
 3.15   332
 3.05   331
 2.95   330
 2.85   329
 2.75   328
 2.65   327
 2.55   326
 2.45   325
 2.35   324
 2.25   323
 2.15   322
 2.05   321
 1.95   320
 1.85   319
 1.75   318
 1.65   317
 1.55   316
 1.45   315
 1.35   314
 1.25   313
 1.15   312
 1.05   311
 0.95   310
 0.85   309
 0.75   308
 0.65   307
 0.55   306
 0.45   305
 0.35   304
 0.25   303
 0.15   302
 0.05   301
 -0.05   300
 -0.15   299
 -0.25   298
 -0.35   297
 -0.45   296
 -0.55   295
 -0.65   294
 -0.75   293
 -0.85   292
 -0.95   291
 -1.05   290
 -1.15   289
 -1.25   288
 -1.35   287
 -1.45   286
 -1.55   285
 -1.65   284
 -1.75   283
 -1.85   282
 -1.95   281
 -2.05   280
 -2.15   279
 -2.25   278
 -2.35   277
 -2.45   276
 -2.55   275
 -2.65   274
 -2.75   273
 -2.85   272
 -2.95   271
 -3.05   270
 -3.15   269
 -3.25   268
 -3.35   267
 -3.45   266
 -3.55   265
 -3.65   264
 -3.75   263
 -3.85   262
 -3.95   261
 -4.05   260
 -4.15   259
 -4.25   258
 -4.35   257
 -4.45   256
 -4.55   255
 -4.65   254
 -4.75   253
 -4.85   252
 -4.95   251
 -5.05   250
 -5.15   249
 -5.25   248
 -5.35   247
 -5.45   246
 -5.55   245
 -5.65   244
 -5.75   243
 -5.85   242
 -5.95   241
 -6.05   240
 -6.15   239
 -6.25   238
 -6.35   237
 -6.45   236
 -6.55   235
 -6.65   234
 -6.75   233
 -6.85   232
 -6.95   231
 -7.05   230
 -7.15   229
 -7.25   228
 -7.35   227
 -7.45   226
 -7.55   225
 -7.65   224
 -7.75   223
 -7.85   222
 -7.95   221
 -8.05   220
 -8.15   219
 -8.25   218
 -8.35   217
 -8.45   216
 -8.55   215
 -8.65   214
 -8.75   213
 -8.85   212
 -8.95   211
 -9.05   210
 -9.15   209
 -9.25   208
 -9.35   207
 -9.45   206
 -9.55   205
 -9.65   204
 -9.75   203
 -9.85   202
 -9.95   201
 -10.05  200
 -10.15  199
 -10.25  198
 -10.35  197
 -10.45  196
 -10.55  195
 -10.65  194
 -10.75  193
 -10.85  192
 -10.95  191
 -11.05  190
 -11.15  189
 -11.25  188
 -11.35  187
 -11.45  186
 -11.55  185
 -11.65  184
 -11.75  183
 -11.85  182
 -11.95  181
 -12.05  180
 -12.15  179
 -12.25  178
 -12.35  177
 -12.45  176
 -12.55  175
 -12.65  174
 -12.75  173
 -12.85  172
 -12.95  171
 -13.05  170
 -13.15  169
 -13.25  168
 -13.35  167
 -13.45  166
 -13.55  165
 -13.65  164
 -13.75  163
 -13.85  162
 -13.95  161
 -14.05  160
 -14.15  159
 -14.25  158
 -14.35  157
 -14.45  156
 -14.55  155
 -14.65  154
 -14.75  153
 -14.85  152
 -14.95  151
 -15.05  150
 -15.15  149
 -15.25  148
 -15.35  147
 -15.45  146
 -15.55  145
 -15.65  144
 -15.75  143
 -15.85  142
 -15.95  141
 -16.05  140
 -16.15  139
 -16.25  138
 -16.35  137
 -16.45  136
 -16.55  135
 -16.65  134
 -16.75  133
 -16.85  132
 -16.95  131
 -17.05  130
 -17.15  129
 -17.25  128
 -17.35  127
 -17.45  126
 -17.55  125
 -17.65  124
 -17.75  123
 -17.85  122
 -17.95  121
 -18.05  120
 -18.15  119
 -18.25  118
 -18.35  117
 -18.45  116
 -18.55  115
 -18.65  114
 -18.75  113
 -18.85  112
 -18.95  111
 -19.05  110
 -19.15  109
 -19.25  108
 -19.35  107
 -19.45  106
 -19.55  105
 -19.65  104
 -19.75  103
 -19.85  102
 -19.95  101
 -20.05  100
 -20.15   99
 -20.25   98
 -20.35   97
 -20.45   96
 -20.55   95
 -20.65   94
 -20.75   93
 -20.85   92
 -20.95   91
 -21.05   90
 -21.15   89
 -21.25   88
 -21.35   87
 -21.45   86
 -21.55   85
 -21.65   84
 -21.75   83
 -21.85   82
 -21.95   81
 -22.05   80
 -22.15   79
 -22.25   78
 -22.35   77
 -22.45   76
 -22.55   75
 -22.65   74
 -22.75   73
 -22.85   72
 -22.95   71
 -23.05   70
 -23.15   69
 -23.25   68
 -23.35   67
 -23.45   66
 -23.55   65
 -23.65   64
 -23.75   63
 -23.85   62
 -23.95   61
 -24.05   60
 -24.15   59
 -24.25   58
 -24.35   57
 -24.45   56
 -24.55   55
 -24.65   54
 -24.75   53
 -24.85   52
 -24.95   51
 -25.05   50
 -25.15   49
 -25.25   48
 -25.35   47
 -25.45   46
 -25.55   45
 -25.65   44
 -25.75   43
 -25.85   42
 -25.95   41
 -26.05   40
 -26.15   39
 -26.25   38
 -26.35   37
 -26.45   36
 -26.55   35
 -26.65   34
 -26.75   33
 -26.85   32
 -26.95   31
 -27.05   30
 -27.15   29
 -27.25   28
 -27.35   27
 -27.45   26
 -27.55   25
 -27.65   24
 -27.75   23
 -27.85   22
 -27.95   21
 -28.05   20
 -28.15   19
 -28.25   18
 -28.35   17
 -28.45   16
 -28.55   15
 -28.65   14
 -28.75   13
 -28.85   12
 -28.95   11
 -29.05   10
 -29.15    9
 -29.25    8
 -29.35    7
 -29.45    6
 -29.55    5
 -29.65    4
 -29.75    3
 -29.85    2
 -29.95    1
