 30.05      1
 30.15      2
 30.25      3
 30.35      4
 30.45      5
 30.55      6
 30.65      7
 30.75      8
 30.85      9
 30.95     10
 31.05     11
 31.15     12
 31.25     13
 31.35     14
 31.45     15
 31.55     16
 31.65     17
 31.75     18
 31.85     19
 31.95     20
 32.05     21
 32.15     22
 32.25     23
 32.35     24
 32.45     25
 32.55     26
 32.65     27
 32.75     28
 32.85     29
 32.95     30
 33.05     31
 33.15     32
 33.25     33
 33.35     34
 33.45     35
 33.55     36
 33.65     37
 33.75     38
 33.85     39
 33.95     40
 34.05     41
 34.15     42
 34.25     43
 34.35     44
 34.45     45
 34.55     46
 34.65     47
 34.75     48
 34.85     49
 34.95     50
 35.05     51
 35.15     52
 35.25     53
 35.35     54
 35.45     55
 35.55     56
 35.65     57
 35.75     58
 35.85     59
 35.95     60
 36.05     61
 36.15     62
 36.25     63
 36.35     64
 36.45     65
 36.55     66
 36.65     67
 36.75     68
 36.85     69
 36.95     70
 37.05     71
 37.15     72
 37.25     73
 37.35     74
 37.45     75
 37.55     76
 37.65     77
 37.75     78
 37.85     79
 37.95     80
 38.05     81
 38.15     82
 38.25     83
 38.35     84
 38.45     85
 38.55     86
 38.65     87
 38.75     88
 38.85     89
 38.95     90
 39.05     91
 39.15     92
 39.25     93
 39.35     94
 39.45     95
 39.55     96
 39.65     97
 39.75     98
 39.85     99
 39.95    100
 40.05    101
 40.15    102
 40.25    103
 40.35    104
 40.45    105
 40.55    106
 40.65    107
 40.75    108
 40.85    109
 40.95    110
 41.05    111
 41.15    112
 41.25    113
 41.35    114
 41.45    115
 41.55    116
 41.65    117
 41.75    118
 41.85    119
 41.95    120
 42.05    121
 42.15    122
 42.25    123
 42.35    124
 42.45    125
 42.55    126
 42.65    127
 42.75    128
 42.85    129
 42.95    130
 43.05    131
 43.15    132
 43.25    133
 43.35    134
 43.45    135
 43.55    136
 43.65    137
 43.75    138
 43.85    139
 43.95    140
 44.05    141
 44.15    142
 44.25    143
 44.35    144
 44.45    145
 44.55    146
 44.65    147
 44.75    148
 44.85    149
 44.95    150
 45.05    151
 45.15    152
 45.25    153
 45.35    154
 45.45    155
 45.55    156
 45.65    157
 45.75    158
 45.85    159
 45.95    160
 46.05    161
 46.15    162
 46.25    163
 46.35    164
 46.45    165
 46.55    166
 46.65    167
 46.75    168
 46.85    169
 46.95    170
 47.05    171
 47.15    172
 47.25    173
 47.35    174
 47.45    175
 47.55    176
 47.65    177
 47.75    178
 47.85    179
 47.95    180
 48.05    181
 48.15    182
 48.25    183
 48.35    184
 48.45    185
 48.55    186
 48.65    187
 48.75    188
 48.85    189
 48.95    190
 49.05    191
 49.15    192
 49.25    193
 49.35    194
 49.45    195
 49.55    196
 49.65    197
 49.75    198
 49.85    199
 49.95    200
 50.05    201
 50.15    202
 50.25    203
 50.35    204
 50.45    205
 50.55    206
 50.65    207
 50.75    208
 50.85    209
 50.95    210
 51.05    211
 51.15    212
 51.25    213
 51.35    214
 51.45    215
 51.55    216
 51.65    217
 51.75    218
 51.85    219
 51.95    220
 52.05    221
 52.15    222
 52.25    223
 52.35    224
 52.45    225
 52.55    226
 52.65    227
 52.75    228
 52.85    229
 52.95    230
 53.05    231
 53.15    232
 53.25    233
 53.35    234
 53.45    235
 53.55    236
 53.65    237
 53.75    238
 53.85    239
 53.95    240
 54.05    241
 54.15    242
 54.25    243
 54.35    244
 54.45    245
 54.55    246
 54.65    247
 54.75    248
 54.85    249
 54.95    250
 55.05    251
 55.15    252
 55.25    253
 55.35    254
 55.45    255
 55.55    256
 55.65    257
 55.75    258
 55.85    259
 55.95    260
 56.05    261
 56.15    262
 56.25    263
 56.35    264
 56.45    265
 56.55    266
 56.65    267
 56.75    268
 56.85    269
 56.95    270
 57.05    271
 57.15    272
 57.25    273
 57.35    274
 57.45    275
 57.55    276
 57.65    277
 57.75    278
 57.85    279
 57.95    280
 58.05    281
 58.15    282
 58.25    283
 58.35    284
 58.45    285
 58.55    286
 58.65    287
 58.75    288
 58.85    289
 58.95    290
 59.05    291
 59.15    292
 59.25    293
 59.35    294
 59.45    295
 59.55    296
 59.65    297
 59.75    298
 59.85    299
 59.95    300
 60.05    301
 60.15    302
 60.25    303
 60.35    304
 60.45    305
 60.55    306
 60.65    307
 60.75    308
 60.85    309
 60.95    310
 61.05    311
 61.15    312
 61.25    313
 61.35    314
 61.45    315
 61.55    316
 61.65    317
 61.75    318
 61.85    319
 61.95    320
 62.05    321
 62.15    322
 62.25    323
 62.35    324
 62.45    325
 62.55    326
 62.65    327
 62.75    328
 62.85    329
 62.95    330
 63.05    331
 63.15    332
 63.25    333
 63.35    334
 63.45    335
 63.55    336
 63.65    337
 63.75    338
 63.85    339
 63.95    340
 64.05    341
 64.15    342
 64.25    343
 64.35    344
 64.45    345
 64.55    346
 64.65    347
 64.75    348
 64.85    349
 64.95    350
 65.05    351
 65.15    352
 65.25    353
 65.35    354
 65.45    355
 65.55    356
 65.65    357
 65.75    358
 65.85    359
 65.95    360
 66.05    361
 66.15    362
 66.25    363
 66.35    364
 66.45    365
 66.55    366
 66.65    367
 66.75    368
 66.85    369
 66.95    370
 67.05    371
 67.15    372
 67.25    373
 67.35    374
 67.45    375
 67.55    376
 67.65    377
 67.75    378
 67.85    379
 67.95    380
 68.05    381
 68.15    382
 68.25    383
 68.35    384
 68.45    385
 68.55    386
 68.65    387
 68.75    388
 68.85    389
 68.95    390
 69.05    391
 69.15    392
 69.25    393
 69.35    394
 69.45    395
 69.55    396
 69.65    397
 69.75    398
 69.85    399
 69.95    400
 70.05    401
 70.15    402
 70.25    403
 70.35    404
 70.45    405
 70.55    406
 70.65    407
 70.75    408
 70.85    409
 70.95    410
 71.05    411
 71.15    412
 71.25    413
 71.35    414
 71.45    415
 71.55    416
 71.65    417
 71.75    418
 71.85    419
 71.95    420
 72.05    421
 72.15    422
 72.25    423
 72.35    424
 72.45    425
 72.55    426
 72.65    427
 72.75    428
 72.85    429
 72.95    430
 73.05    431
 73.15    432
 73.25    433
 73.35    434
 73.45    435
 73.55    436
 73.65    437
 73.75    438
 73.85    439
 73.95    440
 74.05    441
 74.15    442
 74.25    443
 74.35    444
 74.45    445
 74.55    446
 74.65    447
 74.75    448
 74.85    449
 74.95    450
 75.05    451
 75.15    452
 75.25    453
 75.35    454
 75.45    455
 75.55    456
 75.65    457
 75.75    458
 75.85    459
 75.95    460
 76.05    461
 76.15    462
 76.25    463
 76.35    464
 76.45    465
 76.55    466
 76.65    467
 76.75    468
 76.85    469
 76.95    470
 77.05    471
 77.15    472
 77.25    473
 77.35    474
 77.45    475
 77.55    476
 77.65    477
 77.75    478
 77.85    479
 77.95    480
 78.05    481
 78.15    482
 78.25    483
 78.35    484
 78.45    485
 78.55    486
 78.65    487
 78.75    488
 78.85    489
 78.95    490
 79.05    491
 79.15    492
 79.25    493
 79.35    494
 79.45    495
 79.55    496
 79.65    497
 79.75    498
 79.85    499
 79.95    500
 80.05    501
 80.15    502
 80.25    503
 80.35    504
 80.45    505
 80.55    506
 80.65    507
 80.75    508
 80.85    509
 80.95    510
 81.05    511
 81.15    512
 81.25    513
 81.35    514
 81.45    515
 81.55    516
 81.65    517
 81.75    518
 81.85    519
 81.95    520
 82.05    521
 82.15    522
 82.25    523
 82.35    524
 82.45    525
 82.55    526
 82.65    527
 82.75    528
 82.85    529
 82.95    530
 83.05    531
 83.15    532
 83.25    533
 83.35    534
 83.45    535
 83.55    536
 83.65    537
 83.75    538
 83.85    539
 83.95    540
 84.05    541
 84.15    542
 84.25    543
 84.35    544
 84.45    545
 84.55    546
 84.65    547
 84.75    548
 84.85    549
 84.95    550
 85.05    551
 85.15    552
 85.25    553
 85.35    554
 85.45    555
 85.55    556
 85.65    557
 85.75    558
 85.85    559
 85.95    560
 86.05    561
 86.15    562
 86.25    563
 86.35    564
 86.45    565
 86.55    566
 86.65    567
 86.75    568
 86.85    569
 86.95    570
 87.05    571
 87.15    572
 87.25    573
 87.35    574
 87.45    575
 87.55    576
 87.65    577
 87.75    578
 87.85    579
 87.95    580
 88.05    581
 88.15    582
 88.25    583
 88.35    584
 88.45    585
 88.55    586
 88.65    587
 88.75    588
 88.85    589
 88.95    590
 89.05    591
 89.15    592
 89.25    593
 89.35    594
 89.45    595
 89.55    596
 89.65    597
 89.75    598
 89.85    599
 89.95    600
 90.05    601
 90.15    602
 90.25    603
 90.35    604
 90.45    605
 90.55    606
 90.65    607
 90.75    608
 90.85    609
 90.95    610
 91.05    611
 91.15    612
 91.25    613
 91.35    614
 91.45    615
 91.55    616
 91.65    617
 91.75    618
 91.85    619
 91.95    620
 92.05    621
 92.15    622
 92.25    623
 92.35    624
 92.45    625
 92.55    626
 92.65    627
 92.75    628
 92.85    629
 92.95    630
 93.05    631
 93.15    632
 93.25    633
 93.35    634
 93.45    635
 93.55    636
 93.65    637
 93.75    638
 93.85    639
 93.95    640
 94.05    641
 94.15    642
 94.25    643
 94.35    644
 94.45    645
 94.55    646
 94.65    647
 94.75    648
 94.85    649
 94.95    650
 95.05    651
 95.15    652
 95.25    653
 95.35    654
 95.45    655
 95.55    656
 95.65    657
 95.75    658
 95.85    659
 95.95    660
 96.05    661
 96.15    662
 96.25    663
 96.35    664
 96.45    665
 96.55    666
 96.65    667
 96.75    668
 96.85    669
 96.95    670
 97.05    671
 97.15    672
 97.25    673
 97.35    674
 97.45    675
 97.55    676
 97.65    677
 97.75    678
 97.85    679
 97.95    680
 98.05    681
 98.15    682
 98.25    683
 98.35    684
 98.45    685
 98.55    686
 98.65    687
 98.75    688
 98.85    689
 98.95    690
 99.05    691
 99.15    692
 99.25    693
 99.35    694
 99.45    695
 99.55    696
 99.65    697
 99.75    698
 99.85    699
 99.95    700
 100.05   701
 100.15   702
 100.25   703
 100.35   704
 100.45   705
 100.55   706
 100.65   707
 100.75   708
 100.85   709
 100.95   710
 101.05   711
 101.15   712
 101.25   713
 101.35   714
 101.45   715
 101.55   716
 101.65   717
 101.75   718
 101.85   719
 101.95   720
 102.05   721
 102.15   722
 102.25   723
 102.35   724
 102.45   725
 102.55   726
 102.65   727
 102.75   728
 102.85   729
 102.95   730
 103.05   731
 103.15   732
 103.25   733
 103.35   734
 103.45   735
 103.55   736
 103.65   737
 103.75   738
 103.85   739
 103.95   740
 104.05   741
 104.15   742
 104.25   743
 104.35   744
 104.45   745
 104.55   746
 104.65   747
 104.75   748
 104.85   749
 104.95   750
 105.05   751
 105.15   752
 105.25   753
 105.35   754
 105.45   755
 105.55   756
 105.65   757
 105.75   758
 105.85   759
 105.95   760
 106.05   761
 106.15   762
 106.25   763
 106.35   764
 106.45   765
 106.55   766
 106.65   767
 106.75   768
 106.85   769
 106.95   770
 107.05   771
 107.15   772
 107.25   773
 107.35   774
 107.45   775
 107.55   776
 107.65   777
 107.75   778
 107.85   779
 107.95   780
 108.05   781
 108.15   782
 108.25   783
 108.35   784
 108.45   785
 108.55   786
 108.65   787
 108.75   788
 108.85   789
 108.95   790
 109.05   791
 109.15   792
 109.25   793
 109.35   794
 109.45   795
 109.55   796
 109.65   797
 109.75   798
 109.85   799
 109.95   800
 110.05   801
 110.15   802
 110.25   803
 110.35   804
 110.45   805
 110.55   806
 110.65   807
 110.75   808
 110.85   809
 110.95   810
 111.05   811
 111.15   812
 111.25   813
 111.35   814
 111.45   815
 111.55   816
 111.65   817
 111.75   818
 111.85   819
 111.95   820
 112.05   821
 112.15   822
 112.25   823
 112.35   824
 112.45   825
 112.55   826
 112.65   827
 112.75   828
 112.85   829
 112.95   830
 113.05   831
 113.15   832
 113.25   833
 113.35   834
 113.45   835
 113.55   836
 113.65   837
 113.75   838
 113.85   839
 113.95   840
 114.05   841
 114.15   842
 114.25   843
 114.35   844
 114.45   845
 114.55   846
 114.65   847
 114.75   848
 114.85   849
 114.95   850
 115.05   851
 115.15   852
 115.25   853
 115.35   854
 115.45   855
 115.55   856
 115.65   857
 115.75   858
 115.85   859
 115.95   860
 116.05   861
 116.15   862
 116.25   863
 116.35   864
 116.45   865
 116.55   866
 116.65   867
 116.75   868
 116.85   869
 116.95   870
 117.05   871
 117.15   872
 117.25   873
 117.35   874
 117.45   875
 117.55   876
 117.65   877
 117.75   878
 117.85   879
 117.95   880
 118.05   881
 118.15   882
 118.25   883
 118.35   884
 118.45   885
 118.55   886
 118.65   887
 118.75   888
 118.85   889
 118.95   890
 119.05   891
 119.15   892
 119.25   893
 119.35   894
 119.45   895
 119.55   896
 119.65   897
 119.75   898
 119.85   899
 119.95   900
